,episode_reward,nb_episode_steps,nb_steps
0,-101.0839661649758,59,59
1,-152.890908529135,73,132
2,-130.86086467209907,61,193
3,-100.71616424605573,168,361
4,-101.45289377538795,18,379
5,-109.51518556556317,44,423
6,-100.01716610791807,147,570
7,-100.15487018130565,190,760
8,-101.69272103299767,57,817
9,-102.1948521084829,91,908
10,-100.1974355840598,93,1001
11,-101.55018601796627,176,1177
12,-199.56177293270304,17,1194
13,-100.41315947600991,173,1367
14,-101.85353965977097,59,1426
15,-101.27541665779634,60,1486
16,-100.06438385057089,68,1554
17,-101.48772777658837,85,1639
18,-147.46799125506004,70,1709
19,-102.32277890902677,14,1723
20,-101.75197244132013,21,1744
21,-199.6550888500363,13,1757
22,-110.40215862498755,26,1783
23,-100.03631289289983,147,1930
24,-101.43949306876358,22,1952
25,-100.29076799342542,88,2040
26,-100.26237600274547,72,2112
27,-102.24606795351144,173,2285
28,-100.55678972556515,124,2409
29,-100.16876555510873,75,2484
30,-103.64890731806562,16,2500
31,-197.78883979199782,19,2519
32,-100.85129185508637,13,2532
33,-126.69900483768924,50,2582
34,-103.35121353452308,14,2596
35,-107.31860044732335,24,2620
36,-110.3392977670854,29,2649
37,-111.03911406097615,27,2676
38,-197.1200638913557,15,2691
39,-100.98954813053652,191,2882
40,-199.07006323835367,18,2900
41,-107.57354145236248,27,2927
42,-101.86027732330251,26,2953
43,-199.92326090935893,22,2975
44,-100.47982685837528,87,3062
45,-101.20502073115291,159,3221
46,-100.49750469661227,188,3409
47,-119.26103463816769,37,3446
48,-151.19036520099567,69,3515
49,-100.02189766656939,118,3633
50,-102.05773319447061,180,3813
51,-132.13185161367068,57,3870
52,-100.33062510770174,124,3994
53,-198.7339446823936,20,4014
54,-192.39960921871375,11,4025
55,-100.31362337846008,82,4107
56,-104.92150199115325,22,4129
57,-103.8803443857206,17,4146
58,-100.98328121021298,174,4320
59,-100.25147448316477,58,4378
60,-115.26852589805056,32,4410
61,-139.54882505379575,78,4488
62,-173.6438679615697,94,4582
63,-109.20902152294705,23,4605
64,-111.97177220431081,35,4640
65,-101.67158672285197,71,4711
66,-103.50946005170896,25,4736
67,-109.21335594758843,26,4762
68,-101.48896585165255,33,4795
69,-100.85281774837608,120,4915
70,-101.58230377434924,55,4970
71,-104.50152658485835,20,4990
72,34.95347850176631,204,5194
73,-101.3863452556945,75,5269
74,-105.07817455840032,20,5289
75,-101.72856355242035,177,5466
76,-122.27616611018189,44,5510
77,-100.91403402115026,88,5598
78,-100.46166403441515,95,5693
79,-119.69587107403694,42,5735
80,-100.61869055106847,154,5889
81,-198.90001065460228,20,5909
82,-100.236281542433,120,6029
83,-109.02937137674202,41,6070
84,-100.56404589159465,95,6165
85,-101.22579106145807,178,6343
86,-101.11079468526133,184,6527
87,-100.47449842389709,186,6713
88,-103.01467275317896,111,6824
89,-102.22639546106596,19,6843
90,-106.56761505601793,29,6872
91,-100.01609634116406,163,7035
92,-134.0750212840219,65,7100
93,-135.7084860209599,54,7154
94,-104.13835883234391,20,7174
95,-138.68673521442622,55,7229
96,-100.12792517332372,167,7396
97,-100.11377789973565,203,7599
98,-118.85330082800661,35,7634
99,-138.56457196304058,66,7700
100,-110.9447857577169,34,7734
101,-100.0245704818127,196,7930
102,-100.2271798997098,202,8132
103,-100.29617066495389,199,8331
104,-197.4857996291263,14,8345
105,-101.3059678210137,220,8565
106,113.12238534752191,126,8691
107,-100.55404850113038,217,8908
108,-112.31973679361855,26,8934
109,-101.98212331373638,176,9110
110,-197.09704117388765,14,9124
111,-113.87984587402015,29,9153
112,-154.80741259133228,58,9211
113,-100.00084815259395,201,9412
114,-130.9330065612106,58,9470
115,-119.60943644756345,49,9519
116,-100.14039475526128,23,9542
117,-100.81190616902197,18,9560
118,-110.5505061084337,38,9598
119,-101.02808032441564,192,9790
120,28.916070373639073,209,9999
121,-103.7498184144634,19,10018
122,-117.05575770772083,31,10049
123,-121.04249840804735,34,10083
124,-102.5175545008303,18,10101
125,-120.57864775704421,37,10138
126,-125.73893367636957,42,10180
127,-106.10307842985735,30,10210
128,-197.08086029674172,20,10230
129,-199.8294421214324,15,10245
130,40.67313373610868,197,10442
131,-197.89641219955644,21,10463
132,-132.03647470827553,58,10521
133,-107.87529563122236,26,10547
134,-100.80469539531092,89,10636
135,-116.37279308355525,45,10681
136,-117.8818598140787,35,10716
137,-102.16678084044352,12,10728
138,-101.29958911213306,210,10938
139,-100.20369685505636,153,11091
140,-100.03215298523476,149,11240
141,-199.6888971371956,15,11255
142,-199.9225945155551,16,11271
143,-116.03149749518101,30,11301
144,-101.91632404581662,203,11504
145,-104.86957136933711,18,11522
146,-117.34044470067688,33,11555
147,-100.27039500790102,43,11598
148,-196.68238867504664,19,11617
149,-112.89549285698068,32,11649
150,-104.82615628571642,25,11674
151,34.94039226057359,105,11779
152,-100.68297165714448,224,12003
153,-101.70349152218428,26,12029
154,-198.35557844776662,17,12046
155,58.90201529459032,179,12225
156,-103.86571313699653,103,12328
157,-100.22722997650081,235,12563
158,-102.9345283566101,23,12586
159,-100.51097106824002,213,12799
160,-195.90444786668854,15,12814
161,-101.3972100375031,193,13007
162,-100.72728650138518,220,13227
163,-101.21021335019594,15,13242
164,-102.67542233815817,219,13461
165,-196.86641858049194,17,13478
166,-103.33538060735215,20,13498
167,-163.82070607668743,81,13579
168,-110.65045693273926,28,13607
169,-110.82542032264018,99,13706
170,-134.1448263190824,70,13776
171,-119.4217483854471,36,13812
172,-100.96172010550873,20,13832
173,-107.54702379052509,26,13858
174,-114.07328059825349,28,13886
175,-102.19584824234423,215,14101
176,-100.06522720923775,126,14227
177,-100.43369670572979,215,14442
178,-132.11954206776258,55,14497
179,-104.71068196342905,20,14517
180,-100.34889243092114,20,14537
181,-129.72370515870688,49,14586
182,-196.9638205954215,19,14605
183,-121.8943626056468,50,14655
184,-104.56498790656737,24,14679
185,-115.56759127047114,31,14710
186,-110.55322538467556,38,14748
187,-100.14572696469412,205,14953
188,-102.07077606321579,14,14967
189,-100.33565583622493,227,15194
190,-100.29858651603126,16,15210
191,-100.04046467857609,221,15431
192,-100.33200394405138,158,15589
193,-109.86987908886401,30,15619
194,-103.57777808775957,18,15637
195,-129.8678393650675,45,15682
196,-194.54053416628528,16,15698
197,-104.42019691027441,25,15723
198,-160.28849539326598,65,15788
199,-100.42851755637287,16,15804
200,-105.57448815836044,23,15827
201,-100.10402376568503,14,15841
202,-100.05442980313255,206,16047
203,-103.79115901768212,20,16067
204,-100.57609161695727,213,16280
205,-102.13606859911948,12,16292
206,-110.33281375371544,42,16334
207,-106.46068886794747,38,16372
208,-100.12261346110067,217,16589
209,-111.75711670446833,38,16627
210,-100.83780453227267,216,16843
211,-100.19059937996872,207,17050
212,-100.09121449555344,232,17282
213,-109.11741198133105,24,17306
214,-108.17421297536544,23,17329
215,-100.52903781050568,207,17536
216,-105.56901596951155,22,17558
217,-105.56425118592753,35,17593
218,-120.9294908734616,46,17639
219,-101.69914983653688,206,17845
220,-100.8633164260999,207,18052
221,-100.62394103098677,231,18283
222,10.868465572619527,228,18511
223,-199.8886773744732,19,18530
224,-100.84502952779673,227,18757
225,-100.51586962065025,233,18990
226,-100.02330688092155,204,19194
227,-100.66440649950417,170,19364
228,-101.85408915662082,223,19587
229,-106.22319390782829,23,19610
230,-198.62086861623138,21,19631
231,-100.13271766241812,225,19856
232,-106.63136931473291,21,19877
233,113.98684266962351,124,20001
234,-138.52019537144923,54,20055
235,-129.320008613086,41,20096
236,-103.25634533792574,17,20113
237,-100.11020616573104,19,20132
238,-100.20924002968536,221,20353
239,-103.2964235057097,15,20368
240,-101.38904859452273,17,20385
241,-103.30931269281686,19,20404
242,-198.11311669485175,16,20420
243,-196.95928610079255,12,20432
244,-100.92100350946937,20,20452
245,-113.57481027289077,29,20481
246,-196.16964890896935,11,20492
247,-102.78134160306253,16,20508
248,68.1326378834919,171,20679
249,-103.97071530165549,19,20698
250,-100.15433354668991,32,20730
251,-103.70124727824887,16,20746
252,-100.6132444548386,222,20968
253,-103.94909663627796,18,20986
254,-103.4174228784496,24,21010
255,110.15089847898598,127,21137
256,-113.55477609431125,26,21163
257,-199.17194640697903,18,21181
258,-107.07877963900569,19,21200
259,118.41244649931853,118,21318
260,-100.74710368467132,11,21329
261,-101.00526178014613,22,21351
262,-196.72449390452527,12,21363
263,-197.40563999584677,19,21382
264,-101.39488776263781,11,21393
265,-106.08208074211811,19,21412
266,-102.59796222217247,20,21432
267,-109.68800331426917,23,21455
268,-109.92363521914457,25,21480
269,66.04653756232057,173,21653
270,-107.74410058074614,22,21675
271,-100.36732039485248,173,21848
272,-100.34491196335622,219,22067
273,79.04883883916277,160,22227
274,-100.18296724603844,229,22456
275,-101.3097020024972,216,22672
276,-102.49378943276419,232,22904
277,-109.1174747798478,27,22931
278,29.17435461321287,210,23141
279,-100.70525337645098,225,23366
280,96.97858636825569,141,23507
281,-101.23364288635673,219,23726
282,-100.53407400550151,230,23956
283,-101.45405591731492,193,24149
284,-102.9160019737854,234,24383
285,-197.27000353008683,16,24399
286,136.06258660680737,101,24500
287,-117.3088548280253,31,24531
288,-100.99753569044076,219,24750
289,-102.15200498489907,225,24975
290,-100.79976620970952,23,24998
291,-109.96211160980764,22,25020
292,-100.68493065144371,238,25258
293,-100.28527736350513,232,25490
294,-100.37747250008026,236,25726
295,-114.28135781559997,29,25755
296,-112.55438749692568,30,25785
297,-107.94167085982052,23,25808
298,-128.86938960175678,44,25852
299,-113.43081743160415,31,25883
300,-121.729560102997,35,25918
301,-110.4826983788873,26,25944
302,-197.4247834334849,15,25959
303,123.22061701982561,114,26073
304,69.77919649236554,169,26242
305,17.977437069033172,221,26463
306,-103.73505757993841,227,26690
307,107.99242856408968,130,26820
308,-100.44257573358607,230,27050
309,-173.38086114310013,65,27115
310,-161.73873462212072,53,27168
311,-169.84280860248418,62,27230
312,-196.7822982494841,89,27319
313,38.76230580631287,199,27518
314,-101.891927431752,17,27535
315,-195.38436913830978,17,27552
316,59.616605297278014,179,27731
317,94.33858008745301,144,27875
318,-165.1495993296415,58,27933
319,101.92917959742499,135,28068
320,79.16130619339194,160,28228
321,-153.96417956672514,54,28282
322,-141.31459444070526,41,28323
323,-198.93839580377443,13,28336
324,-100.47167446649546,233,28569
325,-192.90013451715225,17,28586
326,-103.49876360710887,25,28611
327,-197.56002138080817,12,28623
328,-112.62821767963669,28,28651
329,-100.69047931831618,16,28667
330,-101.94024605240816,18,28685
331,-101.16219638684379,12,28697
332,-106.32036949934242,24,28721
333,-100.6530213332301,237,28958
334,-100.07526004745039,17,28975
335,17.07967363367156,222,29197
336,-199.23169164003744,17,29214
337,32.08693958158841,205,29419
338,49.81418954460555,187,29606
339,-106.95286702245518,28,29634
340,-104.52153039591151,20,29654
341,-106.92209003381738,21,29675
342,-109.57380270479291,24,29699
343,-100.56900765358624,14,29713
344,-195.24799512519704,12,29725
345,-104.45087349987992,22,29747
346,-111.65170896832788,24,29771
347,31.18841534911806,208,29979
348,98.75405649889957,139,30118
349,-100.91469629412407,237,30355
350,-101.79366632328654,230,30585
351,-197.70929410921752,14,30599
352,-108.18638403040254,25,30624
353,-195.1191190695469,13,30637
354,-100.77042633188064,21,30658
355,-100.19519112224049,15,30673
356,25.01924712625194,214,30887
357,-196.5462264443563,14,30901
358,-102.66856696479358,17,30918
359,-101.05046116990584,24,30942
360,12.686825057086367,226,31168
361,-100.54138000433365,221,31389
362,-103.34978675288795,16,31405
363,-100.4186816910858,232,31637
364,96.37253388843493,142,31779
365,-100.02728708636616,232,32011
366,17.36232480035335,219,32230
367,-100.75127818418133,237,32467
368,92.19560466475579,146,32613
369,-197.6585755213762,15,32628
370,-100.07457401136526,12,32640
371,-198.95174902085552,19,32659
372,74.39540861916686,163,32822
373,-126.34309231841559,44,32866
374,-118.45369637177191,32,32898
375,-199.5950016537212,17,32915
376,-100.31350341759617,226,33141
377,-126.43794181042014,40,33181
378,-101.37029129037897,227,33408
379,-100.5242305380348,208,33616
380,-102.57655432094656,16,33632
381,-126.90439347568665,43,33675
382,-109.15256907723699,29,33704
383,-100.92968897364595,218,33922
384,30.144374288422327,209,34131
385,-110.39333805312778,27,34158
386,-102.29792300628888,19,34177
387,-103.87484907961975,20,34197
388,74.10015279341629,164,34361
389,-111.95779013303303,25,34386
390,-110.07327083744264,20,34406
391,-100.84183889625665,17,34423
392,-198.4786000797564,15,34438
393,-196.35376977007388,28,34466
394,-112.14766862436366,27,34493
395,24.385456051394257,213,34706
396,121.53240643185269,117,34823
397,-195.23567204512293,12,34835
398,-100.81920134163026,16,34851
399,-106.64782127687502,30,34881
400,-196.15423241815463,13,34894
401,-199.02519998025514,16,34910
402,-111.23552512834941,25,34935
403,-111.72384940389024,29,34964
404,-108.79528179672158,23,34987
405,-101.04496533336712,17,35004
406,-102.7537569467612,20,35024
407,-123.74641795251023,44,35068
408,-111.75987704185292,32,35100
409,-108.39710651386916,26,35126
410,-104.23570249325874,26,35152
411,-199.0355037307176,16,35168
412,-100.90774615959434,17,35185
413,-193.88131343967575,11,35196
414,9.88669518731173,227,35423
415,-197.75205885299826,19,35442
416,-100.0943529914329,208,35650
417,-101.1711097578943,233,35883
418,65.11046833071583,174,36057
419,-196.76357764683172,14,36071
420,-100.07933844086958,233,36304
421,-103.58772025393701,17,36321
422,-100.2300186065774,233,36554
423,-105.87402234065401,25,36579
424,106.7299000404683,132,36711
425,-119.7322476380724,40,36751
426,45.10198333886968,194,36945
427,118.5872463403775,120,37065
428,14.676268652998075,224,37289
429,-102.88521221251133,231,37520
430,125.04102170032445,114,37634
431,-113.02486551470636,33,37667
432,-100.57875375664047,233,37900
433,24.8870857260017,214,38114
434,-117.11562819774292,33,38147
435,-166.19128843229188,56,38203
436,-100.46486025517193,238,38441
437,69.0586041686592,170,38611
438,-111.22676921385096,27,38638
439,87.80100161993923,151,38789
440,-100.20750364849188,238,39027
441,-108.91465329993343,26,39053
442,-111.96491965700807,25,39078
443,-100.76606625819537,234,39312
444,25.987498016221778,213,39525
445,-178.77486422939566,69,39594
446,-172.6968447767261,65,39659
447,52.70129764484322,186,39845
448,-100.90585404421589,222,40067
449,104.31574724969549,132,40199
450,-100.3929535713336,229,40428
451,-151.61450939425873,44,40472
452,91.1124920505592,148,40620
453,-158.09395781131195,49,40669
454,-158.47184538644447,51,40720
455,-100.09090119835425,226,40946
456,-101.81880626901702,22,40968
457,-199.50160803228152,17,40985
458,-155.82659948570583,72,41057
459,-100.55116253533708,235,41292
460,-161.70598984129612,54,41346
461,-157.13572331474236,74,41420
462,9.110777486045606,229,41649
463,101.49929419020997,137,41786
464,69.98958030560749,169,41955
465,-100.62381780610892,15,41970
466,-196.9307483715778,10,41980
467,-111.29460460992084,23,42003
468,-150.87043786613484,41,42044
469,-105.09795633070482,22,42066
470,-101.83094392391419,19,42085
471,60.608670217716416,178,42263
472,-112.42341558826486,26,42289
473,100.11960115427527,138,42427
474,-199.57095086265315,18,42445
475,-100.08392542179499,236,42681
476,75.1341636553206,164,42845
477,-100.14567956250193,15,42860
478,-112.68025741330159,26,42886
479,63.999967968653905,174,43060
480,69.24475913114976,169,43229
481,115.81157983730895,123,43352
482,118.09328853867383,120,43472
483,-150.6416677137937,42,43514
484,-183.62705422546298,76,43590
485,55.76679020477771,183,43773
486,-149.08849370714586,38,43811
487,55.93026106685916,183,43994
488,-164.69541147921979,56,44050
489,81.06379083734643,158,44208
490,154.1613211989981,85,44293
491,-158.8552136885164,51,44344
492,-145.1021837244183,38,44382
493,-192.23048166646652,13,44395
494,-139.10713132187107,39,44434
495,178.46592731403143,60,44494
496,-141.5100780072092,48,44542
497,-138.70669763213164,46,44588
498,110.50652681724718,127,44715
499,60.059408674915495,179,44894
500,-183.40290898912326,76,44970
501,-100.4676921228067,94,45064
502,-167.1749366164455,75,45139
503,-168.47253209792146,75,45214
504,-194.0913247360318,84,45298
505,-149.61010956759253,45,45343
506,135.80079152125157,103,45446
507,-158.44460887146386,47,45493
508,-166.37475736326948,64,45557
509,-162.2462932749935,65,45622
510,-105.87757811786656,18,45640
511,150.2946184326408,88,45728
512,-196.84233884619027,15,45743
513,124.02313453333032,115,45858
514,61.00606367556663,178,46036
515,-105.91388579889541,25,46061
516,66.5633485015858,172,46233
517,-159.66839021401077,60,46293
518,76.03164365340429,163,46456
519,30.07503582058567,209,46665
520,-100.32245290557847,232,46897
521,110.37090471679014,128,47025
522,95.86288289579512,143,47168
523,124.69593023181038,114,47282
524,97.48391094940204,141,47423
525,-111.23782590914047,27,47450
526,79.6477809832046,159,47609
527,56.86528049527252,182,47791
528,-100.84331698392569,236,48027
529,-172.14892902735244,88,48115
530,-126.64684724624715,37,48152
531,-162.6576847516202,81,48233
532,-100.70204858078641,237,48470
533,-159.2348024540691,51,48521
534,-165.4298028142038,58,48579
535,17.131472661814,221,48800
536,66.50896462927867,172,48972
537,52.498002775265526,186,49158
538,-126.02526329939266,40,49198
539,-115.48741803072667,26,49224
540,66.73013895872234,172,49396
541,23.814756755341037,215,49611
542,-103.69322099038159,25,49636
543,-196.6168982533291,27,49663
544,101.66925146134334,137,49800
545,-111.2943687220399,22,49822
546,42.01154978372619,196,50018
547,123.18832349467323,115,50133
548,86.12934005568236,153,50286
549,36.63782645241328,103,50389
550,-105.86912512262676,37,50426
551,-124.40146320099893,55,50481
552,51.14716329269859,188,50669
553,-129.71809084533925,46,50715
554,-186.94952981654336,84,50799
555,-112.7671665468693,26,50825
556,138.27425659741576,100,50952
557,-161.99234832942386,61,51013
558,-102.7788776525033,26,51039
559,-164.16842208107184,57,51096
560,-149.64813444222798,41,51137
561,-117.6775628197365,32,51169
562,-158.2885903261279,48,51217
563,-156.50597291457797,47,51264
564,-105.824248924255,20,51284
565,-100.096390965507,233,51517
566,93.12045711148798,145,51662
567,-149.63885909596485,40,51702
568,71.7886966025573,167,51869
569,83.17974326160623,155,52024
570,-123.67078739523407,34,52058
571,-118.40531359164468,34,52092
572,104.02318720197698,135,52227
573,80.86342022202145,158,52385
574,-168.00400569867537,23,52408
575,-152.5538916144356,43,52451
576,-157.1901043785406,69,52520
577,-100.35430874207515,229,52749
578,-100.44832169230534,197,52946
579,-100.03107721940145,232,53178
580,-159.8948967634388,67,53245
581,-155.83958514374177,48,53293
582,-100.45366886940832,232,53525
583,143.9404586111179,94,53619
584,-153.43406205419836,45,53664
585,-155.87297928636912,47,53711
586,10.121835926717296,229,53940
587,39.81146026584432,199,54139
588,-148.5143457236128,41,54180
589,-148.25899533388508,41,54221
590,-155.78459086912787,48,54269
591,-164.3505286577385,56,54325
592,-115.83355062383804,30,54355
593,172.06290612205052,65,54420
594,167.68204128727757,71,54491
595,-100.65627967987999,13,54504
596,-118.74185197117765,110,54614
597,-148.41121996162565,38,54652
598,-150.24654577737837,40,54692
599,-156.64820748626298,49,54741
600,-100.71597999401376,111,54852
601,16.774585994647467,222,55074
602,111.09476040363542,127,55201
603,-152.74499181313308,55,55256
604,-197.96228704160072,16,55272
605,-199.78992244159076,18,55290
606,-197.73810617859618,16,55306
607,147.80753840971306,91,55397
608,-101.72930469262778,19,55416
609,-199.8327518240378,16,55432
610,-199.77418527478642,18,55450
611,-192.57426270197428,10,55460
612,-100.66969452749123,13,55473
613,-108.86583427461727,23,55496
614,-103.49417754491617,16,55512
615,-193.8344459619513,9,55521
616,-196.09062364206432,12,55533
617,-192.57787589841428,10,55543
618,-192.59327044515828,10,55553
619,-104.37454452818969,17,55570
620,-101.49931694665361,14,55584
621,-192.54688319940897,10,55594
622,-100.0876365986114,205,55799
623,-100.3339029353522,107,55906
624,-100.41073245251971,118,56024
625,-168.3212962042453,84,56108
626,-153.50821250260836,67,56175
627,-106.65540990635736,19,56194
628,-100.64290169619436,154,56348
629,-156.7751001991508,74,56422
630,-116.36748141478368,107,56529
631,-142.2837679742512,63,56592
632,-100.2771368629956,132,56724
633,-103.14028644886812,17,56741
634,-103.24091271361878,20,56761
635,-197.90486155276687,14,56775
636,-105.34970176581385,22,56797
637,-105.78807787529848,18,56815
638,-101.95676031605458,12,56827
639,-101.50203929658312,14,56841
640,-144.76310643505303,55,56896
641,-147.3515292649393,59,56955
642,-196.9842528280435,14,56969
643,-117.95644044272748,29,56998
644,-127.72725922538987,43,57041
645,-135.4669125475493,48,57089
646,-101.03146848659514,15,57104
647,-100.59987821271872,229,57333
648,-108.29496816960638,22,57355
649,-198.5471822382696,17,57372
650,-100.76986051224263,15,57387
651,-105.75645338883396,18,57405
652,-100.29171818161467,105,57510
653,-100.21694743200021,110,57620
654,-100.52916228295362,116,57736
655,-100.79338396737758,137,57873
656,-198.86717816563137,16,57889
657,-100.99529940304616,16,57905
658,-101.09538499264636,15,57920
659,-123.55503978966414,35,57955
660,-131.5252970263038,43,57998
661,-196.83434735506842,30,58028
662,-100.4414142565396,136,58164
663,-100.88544028832239,236,58400
664,-100.33470339829222,133,58533
665,-106.93443308109043,25,58558
666,-103.09021647635241,19,58577
667,-199.2888951192188,33,58610
668,-100.29571679548889,165,58775
669,-100.47526452643957,236,59011
670,-114.06993607930995,31,59042
671,-100.3920196043441,236,59278
672,-100.11005741233393,213,59491
673,-100.80343061298282,153,59644
674,-100.51728006140858,235,59879
675,54.322347943047546,184,60063
676,91.26215910351559,147,60210
677,-100.93661133466803,237,60447
678,-113.32387432951893,32,60479
679,-100.42704732366401,17,60496
680,98.66447511499545,140,60636
681,101.17215721861534,138,60774
682,28.027481677181626,211,60985
683,117.08010305793104,122,61107
684,107.09027721780177,132,61239
685,132.42532741102195,106,61345
686,116.92095376257821,122,61467
687,126.57082952964953,112,61579
688,-199.01038592991938,15,61594
689,137.02184675192015,102,61696
690,144.39889932801466,94,61790
691,97.52694657304279,141,61931
692,-153.35253615979508,45,61976
693,137.252748169944,101,62077
694,-101.0929592810916,18,62095
695,-100.49710541013015,133,62228
696,-195.0615768080137,15,62243
697,40.98925603759216,99,62342
698,140.74947722128616,98,62440
699,-164.48144661195073,55,62495
700,-115.6605077484983,29,62524
701,110.46265635719084,128,62652
702,-161.8639531574271,53,62705
703,-156.96211810342373,49,62754
704,76.7400220345608,162,62916
705,136.88358576012416,102,63018
706,-182.63643709992817,73,63091
707,-160.8797433899178,53,63144
708,-163.4712883579083,55,63199
709,-162.13228777630087,54,63253
710,-164.51468723523908,56,63309
711,149.89623158135876,89,63398
712,-151.93325264750055,44,63442
713,-188.42908248043142,80,63522
714,-159.98272769362063,52,63574
715,-154.30962318423397,46,63620
716,-150.07609195663332,42,63662
717,-146.4031824702639,38,63700
718,155.33689844287466,83,63783
719,142.415465213338,96,63879
720,-156.8008005762468,47,63926
721,101.78363996538059,137,64063
722,135.52593420013415,103,64166
723,39.06906706754817,200,64366
724,-196.2970935549367,87,64453
725,164.44756697977522,74,64527
726,-159.3041712693922,50,64577
727,-170.01080521419755,62,64639
728,74.6665056367658,164,64803
729,-168.86135077263987,61,64864
730,-152.8362249697999,45,64909
731,-103.67981887198948,93,65002
732,-168.68862302782048,61,65063
733,-154.70201434038188,46,65109
734,-163.66583876797463,56,65165
735,-100.99098771071287,92,65257
736,-177.62221589879908,70,65327
737,68.58778720049054,170,65497
738,-116.39888807619813,107,65604
739,-166.4749185355636,155,65759
740,-100.3571144004604,163,65922
741,-190.06377782154198,80,66002
742,-124.18086267876609,112,66114
743,97.57368652688133,141,66255
744,128.43522875929807,110,66365
745,106.13149258182871,132,66497
746,8.044197845743142,231,66728
747,-146.0301143552289,38,66766
748,-148.13718966056112,40,66806
749,-151.0769195834882,41,66847
750,-150.08251397048684,41,66888
751,-100.88689595566626,237,67125
752,78.85861481612741,159,67284
753,107.20623779519349,132,67416
754,-100.97846566434082,137,67553
755,-100.19126003533307,236,67789
756,123.13178026884431,115,67904
757,12.803119010903274,226,68130
758,95.58878575289015,143,68273
759,100.53998687176534,138,68411
760,-100.90060577695868,236,68647
761,-199.2410274786194,17,68664
762,100.19630061970112,138,68802
763,85.306761931089,153,68955
764,78.43721081691828,160,69115
765,-100.05026231839463,236,69351
766,96.76895581522699,142,69493
767,104.68307470802023,134,69627
768,126.9861498679479,112,69739
769,130.90084531666565,108,69847
770,102.2217457737149,136,69983
771,85.70888657809624,152,70135
772,130.44438973416842,107,70242
773,19.12412678187313,219,70461
774,-197.71253263683505,13,70474
775,111.80814976624073,126,70600
776,138.59724361408078,100,70700
777,87.88010054619853,151,70851
778,147.44802136029276,91,70942
779,-196.54119202641388,10,70952
780,17.647149767024118,221,71173
781,-100.38421753758084,112,71285
782,52.50629520954609,185,71470
783,153.8458042386788,85,71555
784,43.66550447648762,195,71750
785,-100.59776077670612,136,71886
786,79.03716407058,157,72043
787,8.138120420190234,231,72274
788,-186.51475231867502,82,72356
789,-187.93379540288186,104,72460
790,131.42373809281457,106,72566
791,159.59100947276448,78,72644
792,-164.27948567374085,70,72714
793,-176.13051509057328,67,72781
794,133.29085594972972,105,72886
795,-198.71857630832085,92,72978
796,115.4585961983555,122,73100
797,-165.93718148751717,21,73121
798,129.9138476963807,108,73229
799,162.59140412966997,76,73305
800,-184.103750753153,83,73388
801,-165.90637470184612,21,73409
802,117.61548740943704,121,73530
803,129.01720799824284,110,73640
804,107.4436098217197,130,73770
805,-148.3902832654807,40,73810
806,142.87991471262333,96,73906
807,110.60005980416527,128,74034
808,-180.86162094531753,71,74105
809,-107.78730408313449,97,74202
810,47.13270849050586,192,74394
811,-110.49902592380636,28,74422
812,-125.42534876082559,125,74547
813,-152.60496061981456,44,74591
814,-149.39044573564087,141,74732
815,40.33909718187934,198,74930
816,-100.0087294691485,16,74946
817,-163.70999249563258,55,75001
818,-149.04239400222986,41,75042
819,-155.29690363751027,44,75086
820,-147.01738067130375,45,75131
821,-148.31998572286608,40,75171
822,-112.63504166553437,102,75273
823,-148.57155296934124,40,75313
824,-148.65139928920632,39,75352
825,-152.18038585024325,44,75396
826,93.73984795154578,144,75540
827,-108.24036145695621,99,75639
828,-165.72712404845018,56,75695
829,-151.271434549048,44,75739
830,-100.70673146337754,128,75867
831,33.94714334634264,205,76072
832,-196.97473711789794,15,76087
833,31.092548947887792,208,76295
834,-111.89248643428735,28,76323
835,-145.62607446276434,36,76359
836,-100.06051313355994,234,76593
837,68.60731833240361,170,76763
838,18.646538393437623,220,76983
839,-100.77208528942276,233,77216
840,-100.5456836206563,238,77454
841,-100.68884420190172,237,77691
842,-100.73212229105503,238,77929
843,-100.24520733316162,237,78166
844,-100.56550746176677,238,78404
845,104.12743981658251,135,78539
846,34.42467110954699,204,78743
847,-100.49293497440328,136,78879
848,81.12009165316756,157,79036
849,9.547548299035583,229,79265
850,109.47802685918954,129,79394
851,33.648185446009464,205,79599
852,48.9283902166876,190,79789
853,83.43824489254962,155,79944
854,32.00885071826181,207,80151
855,42.53122284393565,196,80347
856,-164.6786845154781,56,80403
857,-160.96117792345325,52,80455
858,-158.96866653869535,51,80506
859,107.72078344277396,131,80637
860,90.83212210877417,148,80785
861,102.71386991077075,135,80920
862,92.89621509326017,146,81066
863,113.27722836377703,125,81191
864,-165.070225290373,55,81246
865,62.709078844437705,176,81422
866,76.89794126423627,162,81584
867,123.72920126874659,115,81699
868,99.58331203315149,139,81838
869,103.07471724489429,136,81974
870,-199.30351687459762,18,81992
871,70.89822762193398,168,82160
872,116.60490546700292,122,82282
873,104.59190866285132,134,82416
874,121.13755498113917,118,82534
875,74.04876447215702,165,82699
876,124.5417519593287,114,82813
877,115.66955259673713,123,82936
878,105.8800927816548,133,83069
879,95.25781267580571,143,83212
880,131.10437240351334,108,83320
881,123.6778779756922,115,83435
882,110.67679673784474,128,83563
883,81.83657710450697,157,83720
884,88.20795928791952,151,83871
885,117.82601049080934,121,83992
886,146.89360175370166,92,84084
887,104.8680764548131,134,84218
888,181.07314250660693,58,84276
889,181.20461767384052,57,84333
890,158.20583221230123,80,84413
891,-198.16253885601282,9,84422
892,-196.04681575067707,10,84432
893,174.20060758850025,62,84494
894,170.8548464155761,68,84562
895,176.5184972487463,61,84623
896,-165.91734333384676,21,84644
897,155.62215935989548,83,84727
898,181.35552288183072,55,84782
899,166.66513780284367,72,84854
900,-198.53843575798928,12,84866
901,173.14196107705274,65,84931
902,170.84594968358078,68,84999
903,136.14320834313,103,85102
904,142.18644288392397,97,85199
905,162.07318692193996,74,85273
906,-168.81674119042972,23,85296
907,165.55964130174664,71,85367
908,178.10150554453145,60,85427
909,-196.52147105085345,10,85437
910,-166.84893834858337,22,85459
911,127.26404366412407,111,85570
912,161.1472631917754,78,85648
913,133.15363863301914,105,85753
914,181.63499806376058,55,85808
915,-199.958825022052,15,85823
916,-194.75055075233797,11,85834
917,-198.52161650964152,12,85846
918,100.87901059047095,137,85983
919,172.9143630381578,63,86046
920,143.9499543942017,94,86140
921,173.3045311244009,65,86205
922,166.48224964808054,72,86277
923,127.50904398425234,110,86387
924,168.2220086902335,70,86457
925,-197.0761480572679,13,86470
926,163.19456316288313,76,86546
927,179.49580808428271,58,86604
928,-198.16646141947345,9,86613
929,172.60119936471466,65,86678
930,148.78450908730474,90,86768
931,-143.35906564319833,50,86818
932,164.11638826557817,75,86893
933,163.50352855186262,75,86968
934,168.19809290651136,71,87039
935,154.81814481833578,83,87122
936,177.73617411074986,61,87183
937,175.86676117476446,63,87246
938,157.60529330597942,81,87327
939,116.87844515020623,121,87448
940,150.49358137950344,88,87536
941,164.9730416936633,74,87610
942,174.35513340602301,62,87672
943,173.79468518317086,65,87737
944,170.10577775275854,66,87803
945,-102.71291210405823,16,87819
946,-101.44726597052772,15,87834
947,164.12309024482897,74,87908
948,-100.94606174191036,15,87923
949,-194.46935393046383,11,87934
950,165.50836071312108,72,88006
951,-196.80918759096932,13,88019
952,158.41852824558543,79,88098
953,-198.72316710476815,13,88111
954,-128.71324006361596,39,88150
955,161.66500661221195,77,88227
956,180.06795364534116,56,88283
957,-196.85388888987765,11,88294
958,125.73448785020247,113,88407
959,-101.91059924983634,15,88422
960,135.42348307147893,102,88524
961,93.67744835105421,145,88669
962,-149.2777218688451,42,88711
963,158.55286827264126,80,88791
964,136.8244397083385,102,88893
965,71.76024945874099,167,89060
966,-165.15516747268242,55,89115
967,-157.31497275395162,47,89162
968,109.14349321693749,130,89292
969,-199.87044442145717,16,89308
970,-163.59913282951294,55,89363
971,-173.18396378142012,64,89427
972,158.88129826403417,79,89506
973,3.1133679760820456,236,89742
974,100.5048347400452,138,89880
975,-180.91462879914246,71,89951
976,145.18638777874713,93,90044
977,131.06473204715243,107,90151
978,74.43270230309959,164,90315
979,-154.23486803151584,46,90361
980,123.24580470730405,114,90475
981,163.68664703492874,74,90549
982,117.29175942725055,119,90668
983,100.46315231226369,138,90806
984,-173.54961499114032,64,90870
985,-156.11931302389902,48,90918
986,115.09966301161214,124,91042
987,-198.16323928943854,9,91051
988,103.30764522237348,135,91186
989,140.29064677765888,98,91284
990,-109.60707546537247,20,91304
991,58.98702288345599,179,91483
992,-191.10582982656803,15,91498
993,187.84677088685999,51,91549
994,-114.76727861421449,25,91574
995,-198.1594869816199,9,91583
996,187.58692248246655,49,91632
997,-199.44372941738658,14,91646
998,-101.90427911557623,15,91661
999,-196.0353165542972,10,91671
1000,-110.23600544146237,23,91694
1001,-111.19846825133854,24,91718
1002,-153.19470994119504,45,91763
1003,-106.57078174695184,17,91780
1004,-167.1970878899211,56,91836
1005,-159.37218773613745,50,91886
1006,149.00948586528696,90,91976
1007,-131.70520841476963,48,92024
1008,-104.53325862749405,19,92043
1009,-197.83783385781476,12,92055
1010,-101.61331619550936,17,92072
1011,-184.01367789195496,74,92146
1012,-111.2674778794187,106,92252
1013,-194.04625254560054,17,92269
1014,-103.01109161567442,14,92283
1015,129.82843972611678,109,92392
1016,94.11468163436345,145,92537
1017,-100.86254278311725,132,92669
1018,-163.16317858050985,67,92736
1019,-100.2683154665558,237,92973
1020,-180.08868890040918,69,93042
1021,130.85289059669324,107,93149
1022,-145.7728040987382,42,93191
1023,-168.29029982170226,61,93252
1024,-195.43602659365365,16,93268
1025,117.56074707594829,121,93389
1026,-157.02304775850317,50,93439
1027,101.79669478152285,137,93576
1028,63.04891155083942,176,93752
1029,-168.62848554258576,64,93816
1030,109.8241197738327,129,93945
1031,93.58071620987745,145,94090
1032,126.95383218162354,112,94202
1033,90.92563331081446,148,94350
1034,111.00440487926178,128,94478
1035,78.9948615112965,160,94638
1036,131.95754128789827,107,94745
1037,103.80565722166813,135,94880
1038,37.84356240224763,201,95081
1039,108.62163992112885,130,95211
1040,136.8728915990177,102,95313
1041,129.96788655640512,109,95422
1042,126.74151786765927,112,95534
1043,109.10574180004602,130,95664
1044,99.96639269683335,139,95803
1045,130.73442673729076,108,95911
1046,62.85596079227071,176,96087
1047,92.09737166882073,146,96233
1048,8.154161299764425,231,96464
1049,80.96892983916388,158,96622
1050,-101.39689305212174,18,96640
1051,-100.59552228100489,238,96878
1052,84.01141343825533,155,97033
1053,67.56466837377289,171,97204
1054,32.525624670703706,206,97410
1055,91.32739126041972,147,97557
1056,93.88477626982771,145,97702
1057,-100.46766374420565,138,97840
1058,104.69503148689611,134,97974
1059,115.65251946968584,123,98097
1060,106.35126567819961,132,98229
1061,111.03591955747447,128,98357
1062,-169.61145209489413,60,98417
1063,112.37846515149164,126,98543
1064,139.39881423661933,99,98642
1065,155.4075212113769,83,98725
1066,25.79496774369781,114,98839
1067,-199.86406024677075,16,98855
1068,-104.08078432846997,18,98873
1069,-191.94464723347048,12,98885
1070,80.97133291169236,158,99043
1071,-163.09864123395914,53,99096
1072,91.99286144231519,147,99243
1073,122.75388021446027,116,99359
1074,-104.35560371687268,20,99379
1075,45.40305712050317,193,99572
1076,162.98594986914833,75,99647
1077,-157.8374054771244,49,99696
1078,-150.6698591045655,41,99737
1079,-148.14407393143145,38,99775
1080,141.66015091768804,97,99872
1081,-144.3367968059708,38,99910
1082,-149.2490522188872,39,99949
1083,129.30349939552823,109,100058
1084,-101.74041554276693,13,100071
1085,-150.07253551084892,39,100110
1086,-171.08592348580171,61,100171
1087,-157.03821734178493,47,100218
1088,115.0204669704494,122,100340
1089,71.1276634883509,167,100507
1090,141.36753038907787,97,100604
1091,74.56118016162578,164,100768
1092,-147.35311687314396,45,100813
1093,127.96392918019227,111,100924
1094,91.49022678547696,147,101071
1095,-168.86645433907012,23,101094
1096,61.11295218142461,177,101271
1097,130.60291575043442,108,101379
1098,-155.2561158989598,46,101425
1099,-198.3928087434506,17,101442
1100,-160.90737203966665,51,101493
1101,54.90898553622273,184,101677
1102,111.71484816360105,127,101804
1103,-150.58611680932432,43,101847
1104,-155.86107776126715,48,101895
1105,95.18642465291148,144,102039
1106,-104.4040051489054,161,102200
1107,146.8024332240498,92,102292
1108,136.9006843434517,101,102393
1109,72.18559378933443,167,102560
1110,142.12177966936105,97,102657
1111,151.38853177849785,87,102744
1112,-150.22087748011703,42,102786
1113,-154.1477386827401,46,102832
1114,143.09508725875185,96,102928
1115,-146.84239838877863,39,102967
1116,-146.33349778510404,38,103005
1117,160.53510029962388,78,103083
1118,-160.51870869693545,51,103134
1119,-170.99875856019645,61,103195
1120,135.74647968000795,103,103298
1121,129.64683413126698,109,103407
1122,-151.7817508885129,42,103449
1123,-151.3040163652704,43,103492
1124,147.98336107854806,91,103583
1125,138.8314131930675,100,103683
1126,-114.74464983137267,106,103789
1127,126.15071655403383,113,103902
1128,92.28266428188113,146,104048
1129,123.70436323820817,115,104163
1130,138.90395693978837,100,104263
1131,-166.2346636821359,58,104321
1132,-160.14632256098224,52,104373
1133,-119.59621973010692,31,104404
1134,-100.50824566488134,204,104608
1135,-170.93116409423246,63,104671
1136,-162.8666227619092,55,104726
1137,-100.7169928978611,162,104888
1138,-101.67383693783607,15,104903
1139,-107.04356697360895,27,104930
1140,-179.96070428796872,71,105001
1141,-100.26469677071077,107,105228
1142,-174.7698715011669,67,105295
1143,-105.90768482048706,96,105391
1144,-100.3203528526943,203,105594
1145,-166.99723791976123,57,105651
1146,105.22204882097138,133,105784
1147,-181.03493258761446,73,105869
1148,-100.89180802236757,169,106038
1149,-149.97062266481595,42,106080
1150,-122.6791929994199,113,106193
1151,-166.46654193545788,58,106251
1152,127.63875639833084,111,106362
1153,75.5197275239699,163,106525
1154,68.63704319074982,170,106695
1155,102.66113083769814,136,106831
1156,-100.06261018730997,237,107068
1157,81.56735196367167,157,107225
1158,90.01984464192947,149,107374
1159,4.841597496870705,234,107608
1160,40.050091421188455,199,107807
1161,119.9382684222868,119,107926
1162,105.69854807976142,133,108059
1163,55.01257452237406,184,108243
1164,82.78852345675664,156,108399
1165,78.63327559178472,160,108702
1166,-105.18214767889528,21,108723
1167,77.73922697758326,161,108884
1168,65.05784606029883,174,109058
1169,88.9438012960245,150,109208
1170,-100.71386953324787,234,109442
1171,109.44720121512589,129,109571
1172,91.639168603534,147,109718
1173,43.92728158672028,195,109913
1174,94.20039563767477,145,110058
1175,100.37026063764374,138,110196
1176,118.08882940707707,121,110317
1177,88.31743791426786,150,110467
1178,-184.7564785494599,77,110544
1179,141.096044561735,98,110642
1180,99.76148930396451,138,110780
1181,-169.8987113801731,25,110805
1182,-198.06170098822543,16,110821
1183,-199.69209461302327,15,110836
1184,-198.63087878533966,17,110853
1185,-117.51772516851806,109,110962
1186,-104.41342072991449,17,110979
1187,19.08814403685507,118,111097
1188,156.8075833226361,81,111178
1189,53.436068744674806,185,111363
1190,145.06271243947884,94,111457
1191,141.61108145054718,97,111554
1192,148.08634414255175,91,111645
1193,102.04007731261605,137,111782
1194,119.61102652359455,119,111901
1195,146.58875753601708,92,111993
1196,-163.5698659832554,56,112049
1197,-196.6109195470745,13,112062
1198,131.96971339576325,107,112169
1199,-148.83890754673402,47,112216
1200,-100.65982530440274,16,112232
1201,-102.19042492562951,15,112247
1202,161.20355232028282,77,112324
1203,72.66140118841852,166,112490
1204,134.8634270137135,104,112594
1205,92.13431617325698,147,112741
1206,89.76676837459082,149,112890
1207,153.14012383972164,86,112976
1208,139.61090374996863,99,113075
1209,152.19673474901674,86,113161
1210,-145.8248547711721,37,113198
1211,-151.80006899153665,53,113251
1212,150.82499128169025,88,113339
1213,148.9925009170448,90,113429
1214,143.68729067083612,95,113524
1215,109.88117798867655,129,113653
1216,51.00975123687451,188,113841
1217,2.9310801369338577,236,114077
1218,58.12910791408667,180,114257
1219,125.33583064676401,113,114370
1220,116.84058191600774,121,114491
1221,72.92742036885542,166,114657
1222,121.88572928261806,117,114774
1223,37.44124915869839,201,114975
1224,-150.96121933676747,43,115018
1225,151.05803275504687,88,115106
1226,-110.62413091827196,27,115133
1227,163.1950583130617,75,115208
1228,-159.625674439136,49,115257
1229,-151.38558127578358,43,115300
1230,-100.6325485869273,92,115392
1231,-154.66957324249387,45,115437
1232,121.20306070751573,118,115555
1233,-196.16067397630064,17,115572
1234,-145.19083353846415,35,115607
1235,-158.10199291767236,49,115656
1236,-106.88481808780136,27,115683
1237,-183.26219244747753,72,115755
1238,-153.04152825134625,43,115798
1239,-187.6329635966839,79,115877
1240,-153.41740594576473,57,115934
1241,-181.38612333457488,71,116005
1242,-156.62180481066878,45,116050
1243,-157.2171360744818,49,116099
1244,-149.32759725974663,41,116140
1245,67.80145581264594,171,116311
1246,83.63241653411869,155,116466
1247,137.1450291688705,102,116568
1248,60.02610757651288,179,116747
1249,133.52337136672926,105,116852
1250,-113.40804845418671,32,116884
1251,90.12732490049919,149,117033
1252,133.0625244881619,106,117139
1253,65.55399793324827,173,117312
1254,128.0127032893196,111,117423
1255,92.94103585907833,146,117569
1256,-155.3795979863745,49,117618
1257,9.785785689487724,229,117847
1258,116.56065605121582,122,117969
1259,-101.50802023259673,18,117987
1260,104.66745842595451,134,118121
1261,133.65795838119521,105,118226
1262,148.01730628051007,91,118317
1263,94.85017129740703,144,118461
1264,123.07415162314939,116,118577
1265,-117.26440726585423,35,118612
1266,-196.57960598499022,13,118625
1267,-101.5644168849082,18,118643
1268,-100.42986428460088,16,118659
1269,126.9946447531074,112,118771
1270,-198.26259473492934,14,118785
1271,-196.58135708616624,13,118798
1272,49.49773522731368,189,118987
1273,124.6131193092186,114,119101
1274,-162.4896262216199,53,119154
1275,86.6605700145744,152,119306
1276,113.35548897886142,125,119431
1277,95.56299418523248,143,119574
1278,86.24589995223297,152,119726
1279,96.48522466900239,142,119868
1280,72.6516506650309,165,120033
1281,-114.90258408376658,33,120066
1282,58.73816481589685,180,120246
1283,55.05134820753782,184,120430
1284,89.19659442688263,149,120579
1285,-107.1064185639872,20,120599
1286,80.69903173582392,158,120757
1287,124.37251162544663,114,120871
1288,-100.47739918005053,137,121008
1289,29.525756195785732,209,121217
1290,159.6261444274381,79,121296
1291,160.87647647479818,78,121374
1292,147.08898319773812,92,121466
1293,135.33932021567236,103,121569
1294,25.9630253164692,114,121683
1295,145.1444543910849,94,121777
1296,-148.64137425802596,40,121817
1297,-151.0486149975643,43,121860
1298,-154.0491908209598,46,121906
1299,-153.44164704238696,45,121951
1300,136.7410668766362,102,122053
1301,-163.87761296364204,55,122108
1302,143.6781723056781,95,122203
1303,145.1113389828349,94,122297
1304,127.39705365451347,111,122408
1305,-162.34415997957487,53,122461
1306,-167.10474049450534,59,122520
1307,127.98375302089877,111,122631
1308,90.968322048522,148,122779
1309,-100.21405802348232,238,123017
1310,50.732005120545836,188,123205
1311,133.8153687363418,105,123310
1312,94.42157276649532,144,123454
1313,-101.40062348315254,15,123469
1314,73.77099680598906,165,123634
1315,76.69685914494146,162,123796
1316,-148.53481675038245,39,123835
1317,95.92319186079389,142,123977
1318,2.8185529834535714,236,124213
1319,133.42278470370766,104,124317
1320,77.14996588645704,162,124479
1321,85.14097646425738,153,124632
1322,97.62266240612554,141,124773
1323,-144.55192473132698,35,124808
1324,-153.12500175347492,43,124851
1325,-193.79822382875207,14,124865
1326,-104.76457469277102,19,124884
1327,137.76758352765196,101,124985
1328,-156.14009144121994,47,125032
1329,-164.77422535276398,57,125089
1330,-160.49672756563956,52,125141
1331,-181.57449362565495,74,125215
1332,-160.53528332334952,70,125285
1333,151.4472510462695,87,125372
1334,-100.70689454621163,238,125610
1335,128.6508625267088,107,125717
1336,108.79708377095913,130,125847
1337,149.4717981060433,87,125934
1338,-100.46374526142561,234,126168
1339,-173.9507761026012,74,126242
1340,116.83729978183123,122,126364
1341,107.39115871679783,131,126495
1342,85.66778336951185,153,126648
1343,127.12892199409849,111,126759
1344,155.79268767783563,82,126841
1345,-194.51967493921728,12,126853
1346,156.45566538885953,81,126934
1347,177.89241049942692,61,126995
1348,-144.953698843106,48,127043
1349,-153.14509575615173,46,127089
1350,184.59099081885097,54,127143
1351,172.6088239808325,65,127208
1352,-197.71118583161382,32,127240
1353,162.639149200934,75,127315
1354,160.716143085368,78,127393
1355,-160.29663979114338,50,127443
1356,-180.5726274049327,69,127512
1357,-161.21750317484862,71,127583
1358,-153.99751743688668,44,127627
1359,-193.8211815118703,9,127636
1360,36.55287414798437,202,127838
1361,-155.99621552782662,64,127902
1362,-102.41978261555505,18,127920
1363,-108.51619698687327,22,127942
1364,-165.54238310272717,60,128002
1365,-138.33119167264599,46,128048
1366,-199.7834421979665,18,128066
1367,-105.63605233333722,19,128085
1368,-103.18270846984655,19,128104
1369,-147.4343014432859,70,128174
1370,84.07155753121216,155,128329
1371,104.48242277716516,133,128462
1372,-155.74175266815647,45,128507
1373,110.00461908466164,129,128636
1374,122.01002613911804,117,128753
1375,98.67273641647212,140,128893
1376,96.5666043335418,142,129035
1377,95.09758364600428,144,129179
1378,29.857506509345043,209,129388
1379,69.90003265964573,169,129557
1380,117.42060825174522,121,129678
1381,-100.23402266975148,105,129783
1382,34.535260930983725,204,129987
1383,113.4183484731008,125,130112
1384,94.73127369305973,144,130256
1385,96.95415109775091,142,130398
1386,120.57292265570483,118,130516
1387,104.88041914415878,134,130650
1388,112.76087993802504,126,130776
1389,135.80232067936234,103,130879
1390,140.01719519287118,99,130978
1391,-198.16708428654601,9,130987
1392,125.79671139701068,113,131100
1393,128.79527695210973,110,131210
1394,107.77314486868497,131,131341
1395,118.63161292638169,120,131461
1396,116.09931041426435,123,131584
1397,125.54622336687532,113,131697
1398,118.68067489383768,120,131817
1399,-166.99935478685697,75,131892
1400,17.446217817122914,221,132113
1401,120.72215530822545,118,132231
1402,-107.94670864221891,18,132249
1403,135.66593269997088,103,132352
1404,115.02639176606928,124,132476
1405,-145.511464023176,58,132534
1406,-166.85908404963712,59,132593
1407,-137.1674894110192,49,132642
1408,-121.60957352412667,43,132685
1409,-139.22310441689984,55,132740
1410,-106.49427799041868,98,132838
1411,-198.86080925861359,90,132928
1412,138.49871565838848,100,133028
1413,91.86866429135563,147,133175
1414,129.7653721435828,109,133284
1415,137.3568278589483,101,133385
1416,-199.08068748895698,18,133403
1417,118.7418359919103,120,133523
1418,-196.60309168110882,13,133536
1419,-196.58477222677544,13,133549
1420,-197.74952779471596,15,133564
1421,146.17668559005594,92,133656
1422,-189.45135526330188,80,133736
1423,63.91828629222647,175,133911
1424,47.35467008232652,92,134003
1425,131.44406830749367,107,134110
1426,127.75466253291067,111,134221
1427,145.93653121033256,93,134314
1428,119.70888737607115,119,134433
1429,129.88571308497035,109,134542
1430,152.19918926698406,87,134629
1431,126.66496804879257,112,134741
1432,120.31722798464129,118,134859
1433,136.78571025485047,102,134961
1434,-144.62366575243038,36,134997
1435,-151.8850159523939,42,135039
1436,138.03363463792087,101,135140
1437,155.07009590442175,84,135224
1438,106.17272821991715,132,135356
1439,155.42767683914585,83,135439
1440,-149.43709096116785,42,135481
1441,119.8072810222826,119,135600
1442,-149.4672616505871,41,135641
1443,-178.33165371970796,85,135726
1444,-166.0497260346632,58,135784
1445,-164.9011765118587,56,135840
1446,135.02630215633536,104,135944
1447,110.76771366672868,128,136072
1448,103.99959214349042,134,136206
1449,-158.02761367490348,49,136255
1450,-149.71787382666952,42,136297
1451,124.0405241037807,114,136411
1452,-146.10916340431524,37,136448
1453,-163.10126418757397,53,136501
1454,-146.2739043547357,38,136539
1455,142.28988699287947,96,136635
1456,-161.41032477623605,54,136689
1457,-162.88040460480462,55,136744
1458,-148.63275202256912,39,136783
1459,-167.94891487381267,23,136806
1460,-147.09564955561228,39,136845
1461,-155.17938309833227,47,136892
1462,-144.88385567361917,37,136929
1463,50.828053275850856,188,137117
1464,120.70727391926523,118,137235
1465,-199.69792954876218,92,137327
1466,-148.80964546289306,39,137366
1467,140.69216692610036,98,137464
1468,123.23979312475092,115,137579
1469,66.03493640005686,173,137752
1470,-153.8722572039932,43,137795
1471,-156.68171984400806,48,137843
1472,-150.91475448999338,42,137885
1473,26.05376201174893,113,137998
1474,-160.0176224435851,51,138049
1475,-155.28821065004365,46,138095
1476,-152.95729139605749,45,138140
1477,-153.08073844682013,44,138184
1478,-168.67642844260533,61,138245
1479,-154.86736490056114,45,138290
1480,-149.23233120172546,40,138330
1481,-109.35223404156952,24,138354
1482,-188.766827375947,79,138433
1483,-167.0677570740278,59,138492
1484,-168.08706469216804,59,138551
1485,-177.82028555089846,73,138624
1486,-174.50448190716682,67,138691
1487,-142.52789824882126,59,138750
1488,97.2399558219152,141,138891
1489,-152.6366453486851,45,138936
1490,-165.05327254558082,56,138992
1491,-163.9787354468745,55,139047
1492,148.89009150376503,90,139137
1493,-101.84093713846596,12,139149
1494,-198.22899378907948,18,139167
1495,-154.03905440854598,44,139211
1496,143.39474836455042,95,139306
1497,150.1351758653513,89,139395
1498,-135.25771788388022,32,139427
1499,-144.99235443732297,39,139466
1500,-150.1331679937051,42,139508
1501,-161.25560844281534,51,139559
1502,-160.1753758913408,54,139613
1503,159.267212214603,79,139692
1504,-173.8287622951467,66,139758
1505,-138.1828553315737,36,139794
1506,-136.436849683719,35,139829
1507,-170.0706786661296,67,139896
1508,-195.14278176435892,16,139912
1509,-157.96856114542373,50,139962
1510,-151.59867451635608,44,140006
1511,-147.83225261083933,44,140050
1512,-198.81633280614193,21,140071
1513,-124.93585768380508,40,140111
1514,131.67459403175326,107,140218
1515,-197.337989891632,11,140229
1516,149.66651238402363,89,140318
1517,109.23380475750857,128,140446
1518,41.49315565810926,98,140544
1519,-108.1716652869741,20,140564
1520,128.8506055425118,110,140674
1521,113.13934944661517,126,140800
1522,35.99549068805915,203,141003
1523,-100.95553785217557,155,141158
1524,98.93005048037695,140,141298
1525,63.98297627579622,175,141473
1526,43.000108867450535,196,141669
1527,100.93260845483394,138,141807
1528,75.02101974993315,164,141971
1529,-102.82519785643265,15,141986
1530,124.8232328651703,114,142100
1531,-108.25336715842168,24,142124
1532,-100.09105911868494,18,142142
1533,107.95543547180978,131,142273
1534,129.9368502981338,109,142382
1535,-198.17555528993202,11,142393
1536,73.43441471194942,165,142558
1537,94.90081844674076,144,142702
1538,57.919766122221816,181,142883
1539,97.74159660635462,141,143024
1540,136.71273569284492,102,143126
1541,-111.9059414041661,24,143150
1542,144.78909426700764,94,143244
1543,129.050463182385,110,143354
1544,148.31966076799083,90,143444
1545,94.00128945548549,145,143589
1546,130.6490442113479,108,143697
1547,84.85934245145825,154,143851
1548,133.2651341908596,105,143956
1549,117.76177540588805,121,144077
1550,102.90849156715907,136,144213
1551,-101.45164225466131,18,144231
1552,63.62073452229836,175,144406
1553,-103.17289691495297,21,144427
1554,-100.49800791444943,190,144617
1555,136.77337732612153,102,144719
1556,47.728214568020306,191,144910
1557,-100.23985039137538,238,145148
1558,-100.18019477130112,126,145274
1559,-161.34953515010145,74,145348
1560,-101.1401099711876,14,145362
1561,110.74633695139951,128,145490
1562,-100.36578259604187,227,145717
1563,-100.00628821896183,216,145933
1564,-100.14510798757372,238,146171
1565,-176.37368477282484,83,146254
1566,123.71219478265117,115,146369
1567,101.06778429260682,138,146507
1568,55.285693663351914,183,146690
1569,89.97652773311229,149,146839
1570,33.97167371157542,205,147044
1571,37.66320007930571,201,147245
1572,86.07218951983116,153,147398
1573,-157.75017240722613,48,147446
1574,131.66682076351023,107,147553
1575,117.90035614065327,119,147672
1576,133.59364176804363,105,147777
1577,86.69563162875959,152,147929
1578,129.0554598129127,110,148039
1579,124.95517997395362,114,148153
1580,133.9909516306426,105,148258
1581,141.91206406532817,97,148355
1582,-154.2002202364225,44,148399
1583,123.82184729764433,115,148514
1584,142.87863800996632,96,148610
1585,-196.38077018871127,14,148624
1586,165.97645323539035,73,148697
1587,189.73799033803266,49,148746
1588,130.9534010321315,107,148853
1589,-102.50017315456472,19,148872
1590,-100.78814695308903,224,149096
1591,40.769309998812204,98,149194
1592,-111.21501957346095,24,149218
1593,-196.56768498420212,13,149231
1594,69.11610187706712,169,149400
1595,-152.15871759473538,43,149443
1596,-196.57784756084698,13,149456
1597,-196.6152590194249,15,149471
1598,-196.6007364405362,13,149484
1599,-196.3188496437349,13,149497
1600,-196.60202910796232,13,149510
1601,-196.61648549733889,13,149523
1602,-196.60190714861056,13,149536
1603,-196.58147501413038,13,149549
1604,-150.80815747810237,47,149596
1605,99.17881511234262,140,149736
1606,148.93962948829312,90,149826
1607,146.4198663231072,92,149918
1608,52.64791646726003,186,150104
1609,85.99192949354314,153,150257
1610,138.71766488523758,100,150357
1611,144.4227297345964,94,150451
1612,-161.51444662156436,50,150501
1613,97.73049948163579,141,150642
1614,-195.4798590938853,12,150654
1615,67.6594498110988,171,150825
1616,92.63931003825937,146,150971
1617,112.66423580939242,126,151097
1618,-160.43800554680263,69,151166
1619,112.67333875007625,126,151292
1620,3.3464818797066584,235,151527
1621,87.99619880338025,151,151678
1622,133.74341723866118,105,151783
1623,114.71145216676649,124,151907
1624,-179.39544695133762,75,151982
1625,91.15428512253138,147,152129
1626,136.1466263758718,102,152231
1627,79.17336934581138,159,152390
1628,-154.6145433405388,47,152437
1629,-166.40488756199963,55,152492
1630,89.34197051365534,149,152641
1631,-100.34806347765783,106,152747
1632,8.696904325893229,230,152977
1633,95.8520933348839,143,153120
1634,-100.97065375064788,238,153358
1635,-177.52274184650366,70,153428
1636,100.17535679528726,138,153566
1637,111.97286755891771,127,153693
1638,113.60735393895882,125,153818
1639,104.87049508612755,133,153951
1640,128.70650140958688,109,154060
1641,135.70374444521582,102,154162
1642,129.48513938168043,109,154271
1643,-106.21954630906654,20,154291
1644,-152.88935277949565,56,154347
1645,-197.85967148387462,12,154359
1646,107.7786756090591,131,154490
1647,147.40311181220315,91,154581
1648,97.676387517437,141,154722
1649,-106.05334465728953,18,154740
1650,81.5904156779035,156,154896
1651,89.8130279932893,149,155045
1652,129.89220759220123,108,155153
1653,-100.7297272832718,14,155167
1654,-196.85823332173788,11,155178
1655,140.9449761509535,98,155276
1656,-198.09931941158283,15,155291
1657,-101.0578188596331,14,155305
1658,-198.72693293084035,13,155318
1659,-197.74119671746377,12,155330
1660,-197.7425800175714,12,155342
1661,75.06553148267037,164,155506
1662,1.1991007675853922,237,155743
1663,-198.7038212824883,16,155759
1664,130.95157161194413,108,155867
1665,118.89342312578682,119,155986
1666,-199.54681099467004,15,156001
1667,-153.98294333983202,45,156046
1668,119.17302227692049,119,156165
1669,105.09698126711233,131,156296
1670,93.68494506342279,145,156441
1671,175.17062862651807,64,156505
1672,184.87117296350112,54,156559
1673,178.3410469517111,59,156618
1674,152.9466718139102,83,156701
1675,125.61279747258192,113,156814
1676,-167.79412692101806,58,156872
1677,0.8331609744974742,139,157011
1678,-100.83646356967148,236,157247
1679,102.95910845283481,134,157381
1680,-101.05165849068226,11,157392
1681,-194.7698589865982,11,157403
1682,57.492798844738005,181,157584
1683,-151.01659792923317,40,157624
1684,106.82373998709438,132,157756
1685,-155.09663666537804,48,157804
1686,134.3989356774713,104,157908
1687,-110.93091502659087,24,157932
1688,-179.09631862959031,30,157962
1689,-155.81851240796888,47,158009
1690,141.908576413572,97,158106
1691,130.78744286645556,108,158214
1692,-100.0650161848201,233,158447
1693,-159.457109248191,70,158517
1694,8.079060700994148,132,158649
1695,-141.46001576085564,38,158687
1696,-155.96154122144975,46,158733
1697,-164.7777743074077,59,158792
1698,162.07347202167665,77,158869
1699,-199.1488814824461,17,158886
1700,-153.38932140314682,69,158955
1701,-148.90731060551926,59,159014
1702,90.82412945582625,148,159162
1703,104.80303751028272,133,159295
1704,135.52667585192876,103,159398
1705,113.47117171659629,125,159523
1706,-172.87615100703857,64,159587
1707,112.57517474285748,126,159713
1708,143.72400839643205,95,159808
1709,185.42096483651028,53,159861
1710,-160.03441086445721,65,159926
1711,109.63757377783499,129,160055
1712,138.75815399286444,100,160155
1713,-102.1663934601076,19,160174
1714,140.66148435729517,98,160272
1715,-144.77207212965385,51,160323
1716,144.50643224024822,94,160417
1717,78.15337831963447,161,160578
1718,172.3363290236175,66,160644
1719,164.1197272372208,75,160719
1720,-162.312748547649,54,160773
1721,143.5852026528538,95,160868
1722,146.42451119972338,90,160958
1723,183.75976980680142,55,161013
1724,178.78330623491715,59,161072
1725,179.81344323349947,59,161131
1726,120.75267899398045,118,161249
1727,-170.06372924043052,59,161308
1728,124.97151281194192,114,161422
1729,164.22104504904752,74,161496
1730,138.99201896449568,100,161596
1731,156.00930146932345,83,161679
1732,105.47491730140575,130,161809
1733,144.10059400678057,95,161904
1734,137.10264437179234,102,162006
1735,-198.39399772946922,12,162018
1736,146.49653316545692,92,162110
1737,-146.48978889383224,39,162149
1738,-199.41300660414657,15,162164
1739,145.49442493680323,93,162257
1740,130.13430456243066,109,162366
1741,139.83191039522694,99,162465
1742,126.02404422868452,113,162578
1743,-124.97983301239047,39,162617
1744,124.58767666935273,114,162731
1745,143.6814924621417,95,162826
1746,-195.64123962148244,14,162840
1747,-100.032631792714,13,162853
1748,117.96709557740208,121,162974
1749,31.488548514516225,108,163082
1750,135.18113201435733,104,163186
1751,148.1474694556808,91,163277
1752,107.98271932804467,131,163408
1753,112.45775233976931,126,163534
1754,-195.94092707197427,13,163547
1755,110.40533002620174,128,163675
1756,155.0802072338389,84,163759
1757,120.71601087950427,117,163876
1758,-196.56873186060466,15,163891
1759,134.12130481793073,105,163996
1760,143.18864123099667,95,164091
1761,-192.56511312885652,10,164101
1762,111.13971729678386,128,164229
1763,84.99295191896482,154,164383
1764,81.01737715349371,157,164540
1765,-113.22815621708392,29,164569
1766,82.00608058025944,156,164725
1767,-125.1929924166859,41,164766
1768,64.16348200222413,175,164941
1769,28.60665983276722,210,165151
1770,-153.5555802534662,46,165197
1771,163.27501333321217,75,165272
1772,175.88706902168894,63,165335
1773,90.75708992094712,148,165483
1774,-102.9922044009205,19,165502
1775,-192.5588382907867,10,165512
1776,-101.06692342827716,16,165528
1777,144.6497266855353,94,165622
1778,-100.82030242012353,234,165856
1779,-101.0643798896159,17,165873
1780,-100.832179452121,17,165890
1781,-160.59417502466567,50,165940
1782,-105.22134653082726,21,165961
1783,-100.41555780011932,17,165978
1784,-101.06153429640017,17,165995
1785,-101.49596638564799,17,166012
1786,-166.0484449181905,56,166068
1787,-104.27160717848574,21,166089
1788,-113.56994086399972,31,166120
1789,-100.73609375910888,238,166358
1790,88.72342854892409,150,166508
1791,-127.14170072713146,44,166552
1792,-114.9723254929434,32,166584
1793,-100.49712760275288,237,166821
1794,58.727311417945415,180,167001
1795,49.7125554835904,189,167190
1796,102.95805265391172,136,167326
1797,73.09572568424099,166,167492
1798,67.42540121582527,171,167663
1799,98.75342550858821,140,167803
1800,128.98689637397342,110,167913
1801,115.13083960908641,124,168037
1802,115.96755399532462,123,168160
1803,120.85184714094089,118,168278
1804,120.02042750972684,119,168397
1805,-100.33639057111338,237,168634
1806,90.93958896089303,147,168781
1807,137.65320327462234,101,168882
1808,131.07417120032667,108,168990
1809,122.64781657454797,115,169105
1810,127.5145961101106,111,169216
1811,-195.76881227486848,14,169230
1812,138.91951785702642,100,169330
1813,139.33892295250297,98,169428
1814,117.01216994693687,122,169550
1815,108.87152487164133,130,169680
1816,-100.16039214325912,190,169870
1817,-100.93370469389961,236,170106
1818,-197.64531610353538,13,170119
1819,121.94912843143044,116,170235
1820,-100.59306604679587,184,170419
1821,102.03357541571718,137,170556
1822,157.91047013931743,81,170637
1823,-105.63440297966659,24,170661
1824,-198.7729404860891,15,170676
1825,128.10397934512434,111,170787
1826,-102.75990156590635,17,170804
1827,96.36083340678731,142,170946
1828,159.7366406140956,79,171025
1829,-124.70212519565968,40,171065
1830,-153.09657652630185,71,171136
1831,-100.78800070427981,128,171264
1832,137.45276977362528,100,171364
1833,-106.02661067056786,19,171383
1834,-196.35821251940106,14,171397
1835,-196.43454723438919,14,171411
1836,73.6718842834174,165,171576
1837,115.13962980019,123,171699
1838,-103.824628118212,19,171718
1839,-198.6390010206426,16,171734
1840,111.16579471501429,128,171862
1841,127.48768559300662,111,171973
1842,-158.84079125613965,154,172127
1843,140.83849420733756,98,172225
1844,108.33702671066055,130,172355
1845,132.79413747843665,106,172461
1846,120.60232321544409,118,172579
1847,100.56628259949514,138,172717
1848,155.88569491632472,82,172799
1849,-151.91492522509554,41,172840
1850,66.90526222630895,172,173012
1851,177.62162361209215,61,173073
1852,166.35175780207067,71,173144
1853,176.07607345576045,61,173205
1854,-194.1538296826865,10,173215
1855,168.4396546017698,70,173285
1856,140.27127140489594,98,173383
1857,157.94485494636652,81,173464
1858,41.86335192777924,196,173660
1859,-100.2869071757328,238,173898
1860,-100.66714661337025,17,173915
1861,124.31737098077737,113,174028
1862,175.62451242141947,63,174091
1863,-101.17491019785935,20,174111
1864,-195.23641489760948,12,174123
1865,-195.27090266762528,12,174135
1866,-195.2715337217873,12,174147
1867,-195.24432619924414,12,174159
1868,128.55381169965418,110,174269
1869,-107.38982641802055,23,174292
1870,-139.39124425677167,55,174347
1871,-199.36652995255668,18,174365
1872,-151.36891615672795,42,174407
1873,-100.5815969043869,18,174425
1874,-100.59510041736523,18,174443
1875,123.5417439230275,115,174558
1876,156.4194813506379,81,174639
1877,-100.01901649101616,17,174656
1878,-195.2479370246798,12,174668
1879,110.79570397698984,128,174796
1880,-105.9505390535568,20,174816
1881,-197.9537759758204,13,174829
1882,-197.98068096681789,13,174842
1883,117.97104039635192,121,174963
1884,-100.473082339336,15,174978
1885,-104.01706022995401,15,174993
1886,-199.50170395977764,15,175008
1887,-183.5250906250472,75,175083
1888,-177.13259886670872,85,175168
1889,-181.06494414278592,73,175241
1890,-153.9938528144268,60,175301
